A234P S233T A234A G232R H236H WT TwoPAM
Wk3B_A234A_B_redo_S35_L001 29 15 26941 12 29012 2614 487
Wk3B_A234A_M_redo_S36_L001 12 19 11128 13 24580 1764 153
Wk3B_A234A_NK_redo_S37_L001 216 118 64507 3 165065 39866 4875
Wk3B_A234P_B_redo_S29_L001 54226 26 34 10 43749 1321 953
Wk3B_A234P_M_redo_S30_L001 18899 30 5 28 31252 1596 886
Wk3B_A234P_NK_redo_S31_L001 29953 87 109 9 257193 160288 17404
Wk3B_G232R_B_redo_S38_L001 32 20 29 23619 47924 467 1061
Wk3B_G232R_M_redo_S39_L001 13 30 53 36589 43067 1057 918
Wk3B_G232R_NK_redo_S40_L001 67 70 111 7036 243617 11432 10582
Wk3B_H236H_B_redo_S41_L001 32 28 23 13 93028 1085 154
Wk3B_H236H_M_redo_S42_L001 10 23 9 26 83361 909 77
Wk3B_H236H_NK_redo_S43_L001 66 45 58 4 409070 10410 2312
Wk3B_KO_B_redo_S44_L001 22 14 13 29 624 11227 15
Wk3B_KO_M_redo_S45_L001 13 8 2 15 708 10620 13
Wk3B_KO_NK_redo_S46_L001 301 36 53 2 49559 89774 1216
Wk3B_NoEp_B_redo_S47_L001 20 13 20 18 1242 298012 11
Wk3B_NoEp_M_redo_S48_L001 8 22 5 27 1660 456980 22
Wk3B_NoEp_NK_redo_S49_L001 35 51 45 7 4854 441291 79
Wk3B_S233T_B_redo_S32_L001 49 37392 25 14 57362 2495 3896
Wk3B_S233T_M_redo_S33_L001 27 43812 11 42 23863 4806 1872
Wk3B_S233T_NK_redo_S34_L001 481 97688 66 5 283613 49593 9729
Wk3T_A234A_CD5_redo_S11_L001 94 79 280477 0 241328 9662 1533
Wk3T_A234A_CD7_redo_S12_L001 29 32 65168 4 100909 14578 2483
Wk3T_A234A_DN_redo_S9_L001 38 15 55482 12 64797 10301 1748
Wk3T_A234A_DP_redo_S10_L001 3 100 216620 0 201783 12114 3545
Wk3T_A234P_CD5_redo_S3_L001 10842 155 219 7 288277 128491 32534
Wk3T_A234P_CD7_redo_S4_L001 13711 79 66 9 297151 25407 77979
Wk3T_A234P_DN_redo_S1_L001 20999 46 48 24 89962 28565 13470
Wk3T_A234P_DP_redo_S2_L001 3412 161 108 2 546930 4312 16838
Wk3T_G232R_CD5_redo_S15_L001 79 161 197 176 237355 13058 341007
Wk3T_G232R_CD7_redo_S16_L001 72 50 39 11656 152660 9101 7533
Wk3T_G232R_DN_redo_S13_L001 51 40 30 30436 91137 5927 9403
Wk3T_G232R_DP_redo_S14_L001 14 130 119 262 383513 1463 44498
Wk3T_H236H_CD5_redo_S19_L001 27 116 129 1 426271 81564 720
Wk3T_H236H_CD7_redo_S20_L001 41 49 35 5 205559 13447 658
Wk3T_H236H_DN_redo_S17_L001 114 56 27 15 237552 20482 5149
Wk3T_H236H_DP_redo_S18_L001 2 125 141 0 514291 30510 394
Wk3T_KO_CD5_redo_S23_L001 87 75 103 0 9923 408024 353
Wk3T_KO_CD7_redo_S24_L001 24 18 32 2 3602 43209 111
Wk3T_KO_DN_redo_S21_L001 32 25 18 11 4434 48707 102
Wk3T_KO_DP_redo_S22_L001 11 57 86 0 2493 589014 83
Wk3T_NoEp_CD5_redo_S27_L001 24 73 144 0 4584 576112 309
Wk3T_NoEp_CD7_redo_S28_L001 30 61 30 8 6315 381492 155
Wk3T_NoEp_DN_redo_S25_L001 43 42 35 18 6292 475845 130
Wk3T_NoEp_DP_redo_S26_L001 5 112 132 0 3132 415360 88
Wk3T_S233T_CD5_redo_S7_L001 45 268003 140 3 217002 8287 7971
Wk3T_S233T_CD7_redo_S8_L001 21 106426 56 9 118861 14454 3216
Wk3T_S233T_DN_redo_S5_L001 119 91802 37 59 124450 22548 3296
Wk3T_S233T_DP_redo_S6_L001 13 301267 141 1 194893 16599 15992
Wk6T_A234A_CD4_redo_S59_L001 2 103 276598 0 356208 2001 1775
Wk6T_A234A_CD8_redo_S60_L001 24 10 538858 0 167748 10823 1967
Wk6T_A234A_DN_redo_S57_L001 4 77 229046 1 439892 1145 1610
Wk6T_A234A_DP_redo_S58_L001 2 172 511718 0 206174 4846 2204
Wk6T_A234P_CD4_redo_S52_L001 11 127 77 0 400804 2055 73
Wk6T_A234P_CD8_redo_S53_L001 1237 16 169 1 401695 166836 5429
Wk6T_A234P_DN_redo_S50_L001 25 61 59 1 409098 1904 173
Wk6T_A234P_DP_redo_S51_L001 5 192 156 0 752575 3677 193
Wk6T_G232R_CD4_redo_S63_L001 1 141 135 21 476080 671 6761
Wk6T_G232R_CD8_redo_S64_L001 13 66 138 0 791955 3229 1680
Wk6T_G232R_DN_redo_S61_L001 1 163 84 125 763415 905 14212
Wk6T_G232R_DP_redo_S62_L001 8 264 153 3 853101 1501 1821
Wk6T_H236H_CD4_redo_S67_L001 1 86 66 5 469357 426 81
Wk6T_H236H_CD8_redo_S68_L001 3 3 120 2 577526 1517 119
Wk6T_H236H_DN_redo_S65_L001 2 74 65 2 687931 718 144
Wk6T_H236H_DP_redo_S66_L001 1 137 142 4 757502 884 104
Wk6T_KO_CD4_redo_S71_L001 0 73 49 0 1620 479165 82
Wk6T_KO_CD8_redo_S72_L001 24 1 81 2 9000 554430 92
Wk6T_KO_DN_redo_S69_L001 11 71 50 5 4194 647674 326
Wk6T_KO_DP_redo_S70_L001 6 119 90 0 4497 859033 44
Wk6T_NoEp_CD4_redo_S75_L001 0 47 48 0 402 672556 13
Wk6T_NoEp_CD8_redo_S76_L001 4 3 88 0 971 645360 25
Wk6T_NoEp_DN_redo_S73_L001 1 43 56 0 551 732870 14
Wk6T_NoEp_DP_redo_S74_L001 1 95 86 0 486 745266 25
Wk6T_S233T_CD4_redo_S56_L001 2 315722 90 0 329121 1553 5249
Wk6T_S233T_DN_redo_S54_L001 1 272689 68 0 515856 1434 6381
Wk6T_S233T_DP_redo_S55_L001 1 552529 175 1 294403 2510 11259
