T220M R226H R222G V223I S238R T220P I244N I244V R222C P211R H236H WT TwoPAM
HDRTMix_I244N_S55_L001 114 107 74 215 140 132 259848 319 133 148 335337 635 7295
HDRTMix_I244V_S56_L001 212 126 84 338 150 188 282 302981 188 205 379303 760 7430
HDRTMix_P211R_S58_L001 107 159 93 180 132 164 189 185 143 307601 338912 233 19566
HDRTMix_R222C_S57_L001 101 83 106 139 94 131 133 166 249311 124 311259 202 11726
HDRTMix_R222G_S51_L001 37 33 148654 16 27 29 18 50 81 44 207859 15 6725
HDRTMix_R226H_S50_L001 19 141304 12 35 21 9 13 33 23 19 183657 14 4464
HDRTMix_S238R_S53_L001 8 9 5 12 141709 20 14 42 25 9 188346 13 1246
HDRTMix_T220M_S49_L001 150587 36 2 104 27 24 12 23 23 9 208989 7 7855
HDRTMix_T220P_S54_L001 120 123 85 275 140 256452 168 256 330 136 361982 339 14484
HDRTMix_V223I_S52_L001 82 62 15 289808 53 26 24 137 54 18 356749 32 12750
I244N_B_S77_L001 7 4 4 8 7 2 14318 2 2 97 18580 3952 90
I244N_CD5_S27_L001 53 37 5 31 30 1 85233 194 10 28 461555 19510 11749
I244N_CD7_S28_L001 2 4 0 7 3 2 23012 25 60 6 28453 5407 793
I244N_DN_S25_L001 8 16 2 15 12 100 63409 32 8 13 112730 15891 5882
I244N_DP_S26_L001 36 91 2 31 57 2 37503 84 10 19 381518 31345 25880
I244N_M_S78_L001 3 4 3 2 7 1 5684 3 0 1 11280 1422 59
I244N_NK_S79_L001 2 2 3 2 1 1 5381 9 0 3 10501 826 62
I244V_B_S80_L001 8 5 7 8 2 4 1 29606 5 67 32037 22775 133
I244V_CD5_S31_L001 26 4 1 22 5 2 14 137055 5 19 131153 197516 1804
I244V_CD7_S32_L001 8 4 0 9 2 0 5 73424 52 5 37539 48342 614
I244V_DN_S29_L001 11 3 2 17 4 56 10 120283 7 11 106684 155026 1496
I244V_DP_S30_L001 16 3 0 31 6 1 71 99426 1 10 68234 72385 969
I244V_M_S81_L001 2 1 1 5 2 2 2 12619 3 0 23637 7639 95
I244V_NK_S82_L001 0 3 0 4 3 0 1 55186 0 1 23374 22985 107
KO_B_S89_L001 3 3 1 6 2 1 4 5 2 54 118 5309 16
KO_CD5_S43_L001 23 0 1 16 1 1 7 81 2 10 602 589022 83
KO_CD7_S44_L001 3 0 0 3 0 0 7 14 54 8 146 5017 16
KO_DN_S41_L001 7 2 1 16 2 53 9 19 3 10 305 74624 28
KO_DP_S42_L001 23 1 0 12 2 0 80 26 1 13 518 476140 63
KO_M_S90_L001 2 6 0 4 8 0 1 6 1 0 23 2648 2
KO_NK_S91_L001 0 1 0 4 2 0 1 10 1 2 35 8032 3
NoEpor_B_S92_L001 5 7 9 10 1 0 2 6 2 91 171 632398 43
NoEpor_CD5_S47_L001 38 4 0 29 0 0 18 128 0 13 739 573434 148
NoEpor_CD7_S48_L001 8 0 1 9 0 3 8 13 86 7 209 495557 43
NoEpor_DN_S45_L001 4 6 1 22 0 76 16 40 0 9 356 568851 65
NoEpor_DP_S46_L001 15 1 0 32 0 0 98 28 0 12 669 511772 140
NoEpor_M_S93_L001 5 2 3 3 3 1 0 4 1 2 38 535667 6
NoEpor_NK_S94_L001 52 2 2 5 4 1 3 11 2 4 63 556676 12
P211R_B_S86_L001 7 17 5 8 14 4 0 14 0 8492 10327 3673 6038
P211R_CD5_S39_L001 131 284 2 39 130 4 7 185 11 82732 287447 108257 87664
P211R_CD7_S40_L001 45 45 5 11 27 0 3 26 84 37523 61852 23175 19508
P211R_DN_S37_L001 32 98 5 26 64 52 8 51 10 47591 127611 30196 32172
P211R_DP_S38_L001 90 258 1 34 166 7 92 72 21 66361 226221 101472 75961
P211R_M_S87_L001 5 9 1 4 6 2 0 4 0 3154 6889 1939 1043
P211R_NK_S88_L001 9 18 4 2 22 0 1 22 5 13041 90537 9417 7021
R222C_B_S83_L001 3 5 1 7 2 2 1 7 5954 69 20679 4510 59
R222C_CD5_S35_L001 54 13 1 24 19 2 42 136 525 24 469469 75909 6156
R222C_CD7_S36_L001 8 1 2 9 6 0 34 16 5788 12 42787 8753 1309
R222C_DN_S33_L001 12 29 4 25 15 65 17 48 11740 11 143152 18511 4040
R222C_DP_S34_L001 39 4 1 23 11 0 72 44 1331 16 383426 92146 3886
R222C_M_S84_L001 7 1 4 1 6 0 3 6 3410 1 31721 2852 99
R222C_NK_S85_L001 3 0 1 6 1 0 0 6 1068 3 4762 1420 39
R222G_B_S65_L001 5 7 25495 8 7 2 6 10 11 68 34638 7965 1975
R222G_CD5_S11_L001 84 79 118 26 69 0 75 186 21 43 407225 63338 33359
R222G_CD7_S12_L001 7 2 3802 4 7 2 4 26 80 11 39523 5740 1459
R222G_DN_S9_L001 13 20 3091 15 20 65 7 55 11 18 95587 11778 6029
R222G_DP_S10_L001 67 129 378 28 87 0 100 107 15 42 381145 67874 41871
R222G_M_S66_L001 4 5 9463 1 7 0 0 3 6 0 14365 1409 617
R222G_NK_S67_L001 1 2 9497 2 4 0 1 10 3 1 38393 1595 390
R226H_B_S62_L001 4 15391 2 8 2 3 5 8 2 69 38290 8849 697
R226H_CD5_S7_L001 28 323 1 28 15 0 18 179 2 17 378929 99877 2527
R226H_CD7_S8_L001 5 3672 4 5 4 0 5 26 58 7 15670 2438 426
R226H_DN_S5_L001 10 11265 0 14 7 52 11 42 9 15 110520 12640 3214
R226H_DP_S6_L001 25 715 3 28 13 1 68 62 5 15 328131 83817 4592
R226H_M_S63_L001 3 13471 2 1 7 0 1 3 3 2 17070 5233 87
R226H_NK_S64_L001 1 10072 3 4 10 0 0 10 1 2 18072 509 481
S238R_B_S71_L001 1 11 3 9 4521 0 2 5 0 67 9181 12033 107
S238R_CD5_S19_L001 27 9 3 14 133 0 25 296 7 15 279907 272030 4616
S238R_CD7_S20_L001 29 1 0 9 2868 4 7 50 41 9 21643 18615 261
S238R_DN_S17_L001 6 6 3 14 6652 41 7 53 4 10 101518 73042 1586
S238R_DP_S18_L001 12 8 2 22 1128 1 81 60 6 16 239941 178851 3460
S238R_M_S72_L001 2 5 0 1 24122 1 0 2 0 1 16259 23295 90
S238R_NK_S73_L001 1 0 2 3 18231 1 4 13 0 1 25053 40624 78
T220M_B_S59_L001 24930 62 4 13 3 1 4 6 2 64 56748 7618 348
T220M_CD5_S3_L001 128223 17 5 38 12 1 21 191 14 16 330899 3621 7255
T220M_CD7_S4_L001 22188 2 4 9 9 2 5 25 60 9 56538 4104 1164
T220M_DN_S1_L001 28419 11 2 13 8 70 7 37 3 7 84270 5884 1768
T220M_DP_S2_L001 86021 27 3 37 29 3 76 51 4 13 256090 15397 7619
T220M_M_S60_L001 16022 1 2 3 4 0 3 5 6 2 14638 1675 124
T220M_NK_S61_L001 11333 3 4 6 7 0 0 9 1 2 17971 131 96
T220P_B_S74_L001 4 6 10 12 5 6912 7 6 2 121 12170 1170 1132
T220P_CD5_S23_L001 47 39 4 33 34 20 51 327 8 19 394572 150590 10706
T220P_CD7_S24_L001 4 5 1 9 0 2520 11 16 121 9 32969 6803 484
T220P_DN_S21_L001 14 15 5 37 11 7714 63 51 13 11 169318 33744 5453
T220P_DP_S22_L001 20 22 2 27 11 237 169 79 9 31 307990 131249 7369
T220P_M_S75_L001 5 2 2 8 8 2785 5 2 1 0 8692 831 613
T220P_NK_S76_L001 20 38 2 6 45 1415 3 15 6 9 25142 4298 22272
V223I_B_S68_L001 5 7 11 26255 2 1 3 6 4 123 40654 7220 556
V223I_CD5_S15_L001 47 15 0 106026 15 1 29 224 4 28 251420 127289 5942
V223I_CD7_S16_L001 19 8 1 20645 2 2 4 28 77 8 42935 10114 2201
V223I_DN_S13_L001 14 146 9 75956 15 94 22 51 8 17 111734 32026 3778
V223I_DP_S14_L001 34 19 0 117147 26 2 111 75 3 14 289236 88611 7308
V223I_M_S69_L001 8 3 3 13520 9 1 0 4 3 1 14028 3331 514
V223I_NK_S70_L001 5 5 4 14338 2 0 1 17 1 5 13021 22738 125
